38
32
-100
-9
-77
-25
-5
-29
-10
27
-65
33
-77
63
99
-39
-61
-29
88
-35
-35
-43
4
-73
59
-64
-53
-7
-2
44
21
-77
32
52
94
9
85
-10
-53
-92
-98
75
56
-79
-84
80
31
-10
26
27
87
33
11
-37
-57
59
83
89
-47
-59
15
30
91
46
-100
94
-87
40
-30
85
-1
-24
-19
-78
-90
-66
-61
-90
79
9
-81
46
15
-19
-17
83
-87
42
-2
-17
72
-2
-82
14
35
63
29
14
-29
81

Обновлённый список 
-9
-77
-25
-5
-29
27
-65
33
-77
63
99
-39
-61
-29
-35
-35
-43
-73
59
-53
-7
21
-77
9
85
-53
75
-79
31
27
87
33
11
-37
-57
59
83
89
-47
-59
15
91
-87
85
-1
-19
-61
79
9
-81
15
-19
-17
83
-87
-17
35
63
29
-29
81
